<?xml version="1.0"?>
<opencv_storage>
<classifications type_id="opencv-matrix">
  <rows>28</rows>
  <cols>1</cols>
  <dt>i</dt>
  <data>
    48 49 50 51 52 53 54 97 98 99 100 101 102 103 97 99 101 103 98 100
    102 48 50 49 51 52 53 54</data></classifications>
</opencv_storage>
