<?xml version="1.0"?>
<opencv_storage>
<images type_id="opencv-matrix">
  <rows>28</rows>
  <cols>600</cols>
  <dt>f</dt>
  <data>
    0. 0. 0. 0. 0. 0. 0. 19. 21. 21. 21. 21. 255. 74. 21. 0. 0. 0. 0. 0.
    0. 0. 0. 0. 0. 0. 14. 231. 255. 255. 255. 255. 255. 255. 255. 64.
    18. 0. 0. 0. 0. 0. 0. 0. 0. 61. 139. 255. 255. 255. 255. 255. 255.
    255. 255. 255. 147. 0. 0. 0. 0. 0. 0. 0. 0. 210. 255. 255. 255. 255.
    132. 106. 106. 106. 255. 255. 255. 149. 0. 0. 0. 0. 0. 0. 177. 255.
    255. 255. 64. 64. 11. 0. 0. 0. 64. 255. 255. 255. 0. 0. 0. 0. 0. 0.
    236. 255. 202. 21. 0. 0. 0. 0. 0. 0. 0. 21. 191. 255. 0. 0. 0. 0. 0.
    85. 255. 243. 0. 0. 0. 0. 0. 0. 0. 0. 0. 0. 169. 255. 249. 0. 0. 0.
    0. 255. 255. 108. 0. 0. 0. 0. 0. 0. 0. 0. 0. 0. 0. 255. 250. 21. 0.
    0. 66. 255. 255. 63. 0. 0. 0. 0. 0. 0. 0. 0. 0. 0. 0. 255. 255. 83.
    0. 0. 159. 255. 255. 0. 0. 0. 0. 0. 0. 0. 0. 0. 0. 0. 0. 255. 255.
    183. 0. 0. 231. 255. 255. 0. 0. 0. 0. 0. 0. 0. 0. 0. 0. 0. 0. 135.
    255. 255. 0. 228. 255. 255. 39. 0. 0. 0. 0. 0. 0. 0. 0. 0. 0. 0. 0.
    95. 255. 255. 0. 249. 255. 169. 0. 0. 0. 0. 0. 0. 0. 0. 0. 0. 0. 0.
    0. 95. 255. 255. 21. 250. 255. 0. 0. 0. 0. 0. 0. 0. 0. 0. 0. 0. 0.
    0. 0. 95. 255. 255. 83. 255. 255. 0. 0. 0. 0. 0. 0. 0. 0. 0. 0. 0.
    0. 0. 0. 96. 255. 255. 83. 255. 162. 0. 0. 0. 0. 0. 0. 0. 0. 0. 0.
    0. 0. 0. 0. 96. 255. 255. 83. 255. 95. 0. 0. 0. 0. 0. 0. 0. 0. 0. 0.
    0. 0. 0. 0. 215. 255. 126. 240. 255. 95. 0. 0. 0. 0. 0. 0. 0. 0. 0.
    0. 0. 0. 0. 0. 255. 255. 83. 255. 255. 95. 0. 0. 0. 0. 0. 0. 0. 0.
    0. 0. 0. 0. 0. 185. 255. 249. 0. 255. 255. 95. 0. 0. 0. 0. 0. 0. 0.
    0. 0. 0. 0. 0. 5. 202. 255. 186. 0. 255. 255. 96. 0. 0. 0. 0. 0. 0.
    0. 0. 0. 0. 0. 0. 117. 255. 215. 0. 0. 255. 255. 96. 0. 0. 0. 0. 0.
    0. 0. 0. 0. 0. 0. 63. 255. 255. 66. 0. 0. 255. 255. 95. 0. 0. 0. 0.
    0. 0. 0. 0. 0. 0. 0. 218. 255. 116. 0. 0. 0. 255. 255. 95. 0. 0. 0.
    0. 0. 0. 0. 0. 0. 29. 234. 255. 237. 6. 0. 0. 0. 83. 255. 255. 15.
    0. 0. 0. 0. 0. 0. 0. 10. 255. 255. 246. 0. 0. 0. 0. 0. 62. 253. 255.
    202. 5. 0. 0. 0. 0. 0. 53. 155. 255. 255. 110. 0. 0. 0. 0. 0. 0.
    145. 255. 255. 117. 106. 106. 106. 106. 106. 229. 255. 255. 173. 0.
    0. 0. 0. 0. 0. 0. 0. 199. 255. 255. 255. 255. 255. 255. 255. 255.
    255. 106. 24. 0. 0. 0. 0. 0. 0. 0. 0. 40. 116. 255. 255. 255. 255.
    255. 255. 255. 64. 0. 0. 0. 0. 0. 0. 0. 0. 0. 0. 0. 6. 21. 255. 255.
    255. 255. 21. 21. 0. 0. 0. 0. 0. 0. 88. 0. 0. 0. 0. 0. 0. 0. 0. 0.
    0. 0. 18. 56. 150. 5. 0. 0. 0. 0. 0. 0. 0. 0. 0. 0. 0. 0. 0. 0. 0.
    0. 217. 255. 255. 64. 0. 0. 0. 0. 0. 0. 0. 0. 0. 0. 0. 0. 0. 0. 0.
    58. 232. 255. 255. 64. 0. 0. 0. 0. 0. 0. 0. 0. 0. 0. 0. 0. 0. 0. 0.
    140. 255. 255. 255. 64. 0. 0. 0. 0. 0. 0. 0. 0. 0. 0. 0. 0. 0. 0.
    48. 226. 255. 255. 255. 64. 0. 0. 0. 0. 0. 0. 0. 0. 0. 0. 0. 0. 0.
    0. 239. 255. 255. 255. 255. 64. 0. 0. 0. 0. 0. 0. 0. 0. 0. 0. 0. 7.
    173. 255. 255. 255. 255. 255. 255. 64. 0. 0. 0. 0. 0. 0. 0. 0. 0. 0.
    3. 131. 255. 255. 255. 255. 255. 255. 255. 64. 0. 0. 0. 0. 0. 0. 0.
    0. 0. 0. 13. 255. 255. 255. 228. 149. 239. 255. 255. 64. 0. 0. 0. 0.
    0. 0. 0. 0. 0. 0. 154. 255. 255. 255. 80. 0. 217. 255. 255. 64. 0.
    0. 0. 0. 0. 0. 0. 0. 0. 143. 255. 255. 255. 255. 0. 0. 217. 255.
    255. 64. 0. 0. 0. 0. 0. 0. 0. 0. 105. 249. 255. 255. 255. 33. 0. 0.
    217. 255. 255. 64. 0. 0. 0. 0. 0. 0. 0. 3. 126. 255. 255. 255. 241.
    12. 0. 0. 217. 255. 255. 64. 0. 0. 0. 0. 0. 0. 0. 38. 255. 255. 255.
    233. 67. 0. 0. 0. 217. 255. 255. 64. 0. 0. 0. 0. 0. 0. 0. 128. 255.
    255. 250. 97. 0. 0. 0. 0. 217. 255. 255. 64. 0. 0. 0. 0. 0. 0. 0.
    255. 255. 255. 101. 0. 0. 0. 0. 0. 217. 255. 188. 27. 0. 0. 0. 0. 0.
    0. 0. 92. 255. 112. 0. 0. 0. 0. 0. 105. 245. 255. 140. 0. 0. 0. 0.
    0. 0. 0. 0. 3. 21. 5. 0. 0. 0. 0. 0. 140. 255. 255. 245. 58. 0. 0.
    0. 0. 0. 0. 0. 0. 0. 0. 0. 0. 0. 0. 0. 140. 255. 255. 255. 64. 0. 0.
    0. 0. 0. 0. 0. 0. 0. 0. 0. 0. 0. 0. 0. 140. 255. 255. 226. 48. 0. 0.
    0. 0. 0. 0. 0. 0. 0. 0. 0. 0. 0. 0. 0. 140. 255. 255. 188. 27. 0. 0.
    0. 0. 0. 0. 0. 0. 0. 0. 0. 0. 0. 0. 0. 140. 255. 255. 255. 64. 0. 0.
    0. 0. 0. 0. 0. 0. 0. 0. 0. 0. 0. 0. 0. 140. 255. 255. 169. 16. 0. 0.
    0. 0. 0. 0. 0. 0. 0. 0. 0. 0. 0. 0. 0. 140. 255. 255. 140. 0. 0. 0.
    0. 0. 0. 0. 0. 0. 0. 0. 0. 0. 0. 0. 5. 150. 255. 255. 140. 0. 0. 0.
    14. 21. 21. 21. 21. 0. 0. 0. 0. 0. 0. 61. 112. 255. 255. 255. 169.
    64. 64. 64. 188. 255. 255. 255. 255. 0. 0. 0. 106. 106. 106. 247.
    255. 255. 255. 255. 255. 255. 255. 255. 255. 255. 255. 255. 255. 0.
    0. 112. 255. 255. 255. 255. 255. 255. 255. 255. 255. 255. 255. 255.
    255. 255. 255. 255. 128. 0. 0. 191. 255. 255. 255. 255. 255. 255.
    255. 226. 64. 64. 64. 64. 64. 64. 64. 64. 10. 0. 0. 16. 255. 255.
    255. 255. 21. 21. 21. 18. 0. 0. 0. 0. 0. 0. 0. 0. 0. 0. 0. 96. 255.
    255. 255. 255. 255. 255. 255. 255. 255. 255. 0. 0. 0. 0. 0. 0. 0.
    19. 255. 255. 255. 255. 255. 255. 255. 255. 255. 255. 255. 255. 255.
    210. 0. 0. 0. 0. 0. 255. 255. 255. 255. 255. 255. 255. 255. 255.
    255. 255. 255. 255. 255. 255. 172. 0. 0. 0. 0. 255. 255. 255. 255.
    255. 45. 0. 0. 0. 0. 0. 185. 255. 255. 255. 255. 134. 0. 0. 0. 19.
    255. 255. 255. 83. 0. 0. 0. 0. 0. 0. 0. 0. 255. 255. 255. 255. 96.
    0. 0. 0. 0. 0. 0. 0. 0. 0. 0. 0. 0. 0. 0. 0. 6. 255. 255. 255. 96.
    0. 0. 0. 0. 0. 0. 0. 0. 0. 0. 0. 0. 0. 0. 0. 6. 255. 255. 255. 96.
    0. 0. 0. 0. 0. 0. 0. 0. 0. 0. 0. 0. 0. 0. 0. 6. 255. 255. 134. 0. 0.
    0. 0. 0. 0. 0. 0. 0. 0. 0. 0. 0. 0. 0. 0. 6. 255. 255. 134. 0. 0. 0.
    0. 0. 0. 0. 0. 0. 0. 0. 0. 0. 0. 0. 0. 255. 255. 255. 134. 0. 0. 0.
    0. 0. 0. 0. 0. 0. 0. 0. 0. 0. 0. 0. 0. 255. 255. 255. 134. 0. 0. 0.
    0. 0. 0. 0. 0. 0. 0. 0. 0. 0. 0. 0. 223. 255. 255. 172. 0. 0. 0. 0.
    0. 0. 0. 0. 0. 0. 0. 0. 0. 0. 0. 0. 223. 255. 255. 172. 0. 0. 0. 0.
    0. 0. 0. 0. 0. 0. 0. 0. 0. 0. 0. 185. 255. 255. 210. 0. 0. 0. 0. 0.
    0. 0. 0. 0. 0. 0. 0. 0. 0. 0. 147. 255. 255. 249. 0. 0. 0. 0. 0. 0.
    0. 0. 0. 0. 0. 0. 0. 0. 0. 108. 255. 255. 255. 249. 0. 0. 0. 0. 0.
    0. 0. 0. 0. 0. 0. 0. 0. 0. 70. 255. 255. 255. 255. 0. 0. 0. 0. 0. 0.
    0. 0. 0. 0. 0. 0. 0. 0. 32. 255. 255. 255. 255. 32. 0. 0. 0. 0. 0.
    0. 0. 0. 0. 0. 0. 0. 0. 0. 32. 255. 255. 255. 70. 0. 0. 0. 0. 0. 0.
    0. 0. 0. 0. 0. 0. 0. 0. 0. 255. 255. 255. 108. 0. 0. 0. 0. 0. 0. 0.
    0. 0. 0. 0. 0. 0. 0. 0. 249. 255. 255. 255. 108. 0. 0. 0. 0. 0. 0.
    0. 0. 0. 0. 0. 0. 0. 0. 210. 255. 255. 255. 147. 0. 0. 0. 0. 0. 0.
    0. 0. 0. 0. 0. 0. 0. 0. 172. 255. 255. 255. 185. 0. 0. 0. 0. 0. 0.
    0. 0. 159. 57. 0. 0. 0. 0. 134. 255. 255. 255. 0. 0. 0. 0. 0. 0. 0.
    0. 0. 121. 255. 255. 19. 0. 0. 96. 255. 255. 255. 6. 0. 0. 0. 0. 0.
    0. 0. 45. 255. 255. 255. 255. 255. 0. 57. 255. 255. 255. 45. 0. 0.
    0. 0. 147. 255. 255. 255. 255. 255. 255. 255. 255. 255. 0. 57. 255.
    255. 255. 45. 0. 32. 255. 255. 255. 255. 255. 255. 255. 255. 255.
    255. 255. 255. 19. 255. 255. 255. 255. 255. 255. 255. 255. 255. 255.
    255. 255. 255. 255. 255. 134. 159. 57. 0. 0. 57. 255. 255. 255. 255.
    255. 255. 255. 255. 255. 255. 32. 0. 0. 0. 0. 0. 0. 0. 0. 0. 96.
    255. 255. 255. 255. 255. 185. 0. 0. 0. 0. 0. 0. 0. 0. 0. 0. 0. 7.
    21. 21. 255. 255. 255. 255. 255. 255. 255. 21. 0. 0. 0. 0. 0. 0. 0.
    0. 0. 131. 255. 255. 255. 255. 255. 255. 255. 255. 255. 255. 61. 0.
    0. 0. 0. 0. 0. 0. 0. 255. 255. 255. 207. 149. 149. 149. 149. 149.
    218. 255. 247. 27. 0. 0. 0. 0. 0. 0. 0. 255. 255. 255. 140. 0. 0. 0.
    0. 0. 69. 158. 255. 175. 0. 0. 0. 0. 0. 0. 0. 131. 255. 255. 35. 0.
    0. 0. 0. 0. 0. 22. 255. 255. 0. 0. 0. 0. 0. 0. 0. 7. 21. 21. 0. 0.
    0. 0. 0. 0. 0. 0. 255. 255. 0. 0. 0. 0. 0. 0. 0. 0. 0. 0. 0. 0. 0.
    0. 0. 0. 0. 0. 255. 255. 128. 0. 0. 0. 0. 0. 0. 0. 0. 0. 0. 0. 0. 0.
    0. 0. 0. 22. 255. 255. 0. 0. 0. 0. 0. 0. 0. 0. 0. 0. 0. 0. 0. 0. 0.
    0. 0. 89. 255. 255. 0. 0. 0. 0. 0. 0. 0. 0. 0. 0. 0. 0. 0. 0. 0. 0.
